Numbers
      12      43      19      14      27       5      48      15      29      31
      36      35      46      36      49      45      41      12       2      26
      32      33      26      23      15      11       7      23      11       3
       1      10      30       3      45      46      16      30      39      40
      43       7      23      24      31      16       8      40       5      11
      45      19       1      25      12      37      32       2      32      14
      11      29      24      43      38      22      27      40      25       4
      20      31      15      27      29       6      40      31      19      40
      21      43      22      18      33      23      49      20      11       1
      11      39       7      18      20      28      25      26      31      41
      12       1      36      24      41      23      28      43      15      41
      44      27      22      24      37      28      16      35      23      23
      41      36      21      16      40      49      14      10      43      43
      15      22      31      45      14      20      19       1      47      39
      16      10      46      12      32      11      14      24      38       5
      43      40      42      37      27      21      38       7      50      13
      14      38       4      33      22      18      29       9      41      19
      22      44      17       6      17      32      17      12       4      49
      37      30      26      47      49       3      18      11      40      27
      45      40      40      12       9      23       4      16       7      50
      38      18      31      38      28      14      20       3      33       4
      33      20      15      28      14      14      17      42      25       3
      36      12      42       2      39      21      17      15      10      24
      18       6      14      16      23      43      34      44      27      20
      42      37      48      35      24      17      39      20      42      24
       3      10      15      39      11      43      28      37      37      27
      44      15       7       5      33      25      25      41      11      20
      33       4      33      27       6      50      49      23      21      23
      25      28      46      36      15       3       5      32      22      23
      41       7      39      29      42      22      13       2      17      48
      26       5       9      23      16      27      34      38       4      35
       6       9      33      47      23      19      25      17       6      50
      19      43      47      48      11      46      46      40      32      18
      21      21      17      32      12      23      26      13      37      10
      38       2      33      28      29      19      27      21       9      32
      21      39       2      45      11      36      40      27      18       3
      27      17      18      27      19      23      11      25      21      27
      26      26      50      22      45      23      24       8      25      32
       7      20      12      38      31       1      32      17       6      44
      47      20      33      27      46      46      18      46      29      35
      22      16      36      41      36      33      43      14      16      42
      40      40      33      21      32      11      18      34      14      21
       7      47      48       8      22      49      14      39      11      12
       1      27      31      14       8      20      24      37      37      33
      48      25       5      25      37      46      42      18      41      21
      21       1      37      11      40      31      47      17       8      23
      32      17      13      29      49       7      44      23      25      11
      24      26      12       6       9      27      34      41      25      17
      44      41      21       5      22      14      18      45       6       3
      38      32      10      43      46      26      44      18      13       5
      33      34      13      46      20      30      30      20       3      24
      40      39      34      25      24      12       7      33      18      39
      35      48      35      41      27      40      21      14      31      20
      15      17       5      20      49      12      10      19      21       1
      44      30      37      12      35      12      17      11      48      38
      31      10      32      34      26       2      30      29      13       4
      44      31       6       1      19      37      21      33      22      43
      27      13      32      15       3      42      36      39      22      18
      36      45      24      49      11       5       5      34       9      19
      27      15      48      45      45      47      46      39      23       1
      48      27      49      45      47       6       4      32      46      31
      40      12      30      45      22      45       2      14      44      30
      12       5      36      13       3      16      19      26      26       1
      26      50      24      47      12      45      29      33      27      25
      15      17      42      50      50      32       4      44      19      15
       6      10      29      32       7       7      25      32      22      29
      13       1      36      43      20       3      47      41      22      44
      50      47      17      13       9      16      16      50      43      42
       7      31      11      43      36      37      30      18      38      35
      19      33      29      17      25      37      23      10      13      24
      34      40      42      49      34      19      28      39      17      46
      34      10       6       8      18      40      23      21      36      28
       4      35       2      38      25       2      30      50      33      24
      39       9      38      11      12      12       4      40      28      44
      20      42      12      13      29       8      46      39      30      25
      13      34      15      49       5      25       3       7      18      47
       2      17      46      43      22      15      10      10      42      17
      26      33       9      24      25      45       1      48      16      27
      44      42       7      23      47      24      29      35      32      40
      42      37      12      16      12      14      41      13      27      46
      29      29      17      21      19      17      18      15      42      32
      31      15      21      18      19      29       7       1      25       4
       8      27      35      22      29      34      40      26      32      37
      43      34      33       4      49      15      32      49      19      22
      14      16      10      27      45      21      44      47      15      36
      42      31      50      48      31       1      31      21       7       7
      47      37      49       3      17      10      13       3      30       1
      10      44      34      25      18      31      36      18      31       2
      29       5      29       6      20       1      40      17       2      47
      10      49      38       2       5      36      25       1       5      49
      41      25      46       6      25      25      27      44      46      32
      23      26      33      21      16      36      16       4      33       6
      17      34      10       6      21      37      16       3      21      33
      35      30      29       5      26       9      39      44      44       3
       5      40      50      33      49      19      15       2      15      49
      18      19       4       6       2      24      30      22       9      27
      31      18      26       1      22      18      18      33      13       5
       8      49      15      20      50      16      29      36      25      12
      12      42       8      33      25      28      27      27      46       1
      33      33      15      16      19      27      48      40      49      18
      47       9      24      10      38      34      41       8       5      25
      34      40       1      15      46      36      35      29      47      37
      32      44      49      35      32      10      40      18      50      32
       7      37       7       2      29      30       5      22      38      26
      11      15       9      19      23      28      29      12      30      29
      49       3      18      17       5      29      22      37      21      14
      18      30      33      17      43      42      44      31      12      34
      22      26      30      33      19      11      20      34      26       6
      30      50      26       2      17      10      40       5       8       3
      39      33      27      20      27      37      35      47      18      10
      36      32      42      46       8      12      25      20      48      38
       1       7       9      15      13      21      39      19      50      48
      29      30      42      35      16       5      30      48      15      33
      39      45      40      24      27      36      43       3      16      48
      31      48      37       2      20      20       1      10      44       4
      43      18      23      35       3      10      25      31       5      34
      28      20       2       8      12      25      39      36      13      30
      34       6       7      40      46      49      17      45      23      45
       6      33      42      39      12      28      37      44       8      26
       9       3      18      18      25      15      48       2      38      36
      12      15      10      37      28      29      11      10      20       7
      36       1      17      20       4      32      44      15      11      15
      34       3      35      46      12      35       4      13      19      43
      37       2      18      22      38       7      32      15       6      37
      48      28       3      27       1       8      18      25      23      13
      24      31       4      50      39      44      21      21      38      24
      14      36      40      44      39      12      49      30      35       2
      46      40      33      46      29      36      47      20       3      11
      15      16      41      46      40       5      28      25       1       6
      36      30       7      26      10      18      18      23      49      16
       8      11       4      15       9      22      26      50      23      18
      33       9      38      34      41      38      21      41      38      46
      28      29      46      47       1      25      50      41      10      41
      33      49      47      20      26      30      40       3      45      39
      36      50      36      17      37      46       6       1      49      20
      27      22      40      11      40      46      14      17      35      10
      21      39       6      12       1      25      13      15      24       5
      29      15      21      49       5      44      28      22      25      20
       4      39      26       1      27      14      49      16      18       3
      34      30      42      44      11      44      37      25      27      50
       8      46      45      36      10       5      34      29      39      29
      47      30      16      33      42       6      42      48      11      34
      27      23      21      35      41      20      33      36      48      22
       5      37      19      18      34      22      25      40       8      19
      32      43      45      35      15      41       5      22       4      14
      17      26       9       3      43       5      20      33      32       1
      31      21       3      40       3      11      11      21      45      48
       6       8      35      38      30      28      45      17      35      45
      33      14      21      12      14       4      40      49       1       4
      39       3      14      16      36      41       1      38      47       5
      35      44      29      18      24      29      37      22      50      22
      27      49      30      20      33      25      39       8       9      20
      15       5      13       8      40      33      31       7       7      30
       6      16      27       9      18      50      23      14      47      47
      25      19      17      23      45      23      16      22      46      32
      20      47      46      28      47      20      16      37      15      43
      45      23      41      15      50      31      23      31       9      47
       7      38      26      42      46      28      26      19      47      41
      14      18      16      38      43      35      16      48      20      32
      27      39       5       5      11      31      16      16      49      50
      18      15      10      15      44      11      30       9       5      20
       6      33      40      36       2      33       3      43      15       1
      23      36      47      40      25       1       3       3      19       6
       8      25      41      27       6       7      20      13      11       1
      12      15      47       5      32      49      33      12      22      37
      27      26      15      42      42       9      46       5       6      43
      35      14      10       2      17      29      16      35      24      10
      36       4      44       4      15      49      34       5      44      50
      47      21      31       5      18       9       4      28      18      31
       5      33      22      23      26      39      30      37      21       1
      12      46      10      10      43      46      48      30      36      19
      25      36      23      37      44      42      18      36      36      22
      28      12       5      10       6       1      47      20      34       1
       8       2      37      18      29      26      38      37       5       9
      14      31      39       5      41      47       8      26      20       4
      28      23      29       4       3      25       9      20      29      43
      46       9       6      45      16      15      11      17      38      21
      19      10       5      45      25      32      44      14      18       2
      22      18      43      32      37      11      38       7      21      38
      40      31      17      50      33      32       1      40      35       9
       1      15      33       2      32      22      12      39      26      23
      15      11      11      19       6      40      33      46      20      12
      47      35       5      23      45      39      14       9      45      33
      35      29      19      41      28      28      49       8      50      46
       8      46      28      21       2      48      28      31      36      36
      20       8      21      22       3      48      13      20      33      39
      26      22      50       8      28       5      27      30      25      21
      37      45      46      39      28      34      25      34      14      40
      25      17      11      45      31       2       8      50      17      29
      15       5      12       9      31      42      20      14       9      44
      30      10      19      28      30      28      42      22      31      45
      24      24      27      23      12      25      11      13      31      16
      37      18       6      40      31       6      33      38      32      16
      46      33      12      17      40      44      12      45      39       7
      31      49      41       5      24      12      48       6      45      29
       8      44       1      26      45      19      29      37      19      47
      32      11      31       6      41      16      47      44      46       5
      27       5      38      36      42      16      43      40      14      16
      31       9      19      47       3      32      45      48      20      40
      28      17       7      32      17      32      48      38      46      14
      16      45      21      10      29      45      26      15      10       4
       1      47       3       1      14      10       3      30      25       9
      28       9       3      38      23       2      45      44      29      45
      34      26      40       3      45       8      48      39      32      11
      17       1      39      21      24      21      15       1       9      38
      46      47      32      44      46      15      49      13      48      48
      15       6      48      10       2      41      15      33      36      34
      25       3       4      19      29      19      40       6      41      49
      46      40       8      49      22      24      50      43      49      27
      33       2      18      11      15       9      17      36      32      14
       3      14      42       1      13      26      50      50      29      46
      30       8       2      25       4      33      23      36      16      33
      21      26      49      19       1      32      20      41      31      38
      11       8      37      17      28      30      16      17      19       5
      19      16      47      33      16      37      14      12      24      19
      31       4      12      26      34      44       6      30      38      24
       9      31      20      46      12      17       4      40      33      34
      45      30       2      30      11      15      29      36      45      23
      29       1      12       4      18      47      15      49      43       5
      20      15      46       4       1       8      16      23      10      28
      36      25      25      37      38      34       2      14      41       5
      29      20      46      10      12      45      32      17      46       1
      37      38      39      37      36      33      23      36       1      50
      49      17      28      39       2      33      33      49       4      15
      22      27       1      48       8       9      46      32      34      44
      37      45       9      35       8       6      39      27      26      31
       5      34      10      28       7      34      21      35      29      31
      11      15      23       8      24      48       2      35      16      14
      49      42      37      35      19      34      49      49      32      36
      25      22      12      25       8      39      27      30      37      38
      14       4      21       4      11      38      50       6      46      29
      47       1       1      45      41      41      38      30      25       4
      22      26       8       1       7      30      16      10      36      38
      12      33      27      27      11      37      36      44       2       3
       5      10       7      50      48      38      10      42      34      35
      21      24      49      18      41      23      22      27      29      45
      16      19      47       2      36      19       9      27      29      26
      16      12      31      43      39      12      29      28      37      27
      29      15      30      34      38      20      26      49      39      44
      18       6      47      11       3      11      44      45       6       2
      20      32      33      23      36      43      41      31      49      27
      32      35      41      40       3      28      41      42      21       7
       4      48      45      37      43      46      29      35      36      43
      46      46       5      16      15      48      36       7       2      16
      14      27       1      43      20      15      32      39      12      13
      15      34      17      41       9      11      49      48      16      23
      13       3      35      44      28       1       3      16       7      42
      19       2      25      47      38      27      34      33      46      30
      39      17      13      45      20      10       3       9      27      25
      29      27      40       3      30       7       3      32       8      12
      47      22      12      49      18      21      26       7      47       4
       3      26      40       8      34      18       9      49      42      24
       1       8       7      35      17       7      18       4      20      20
      15      39      32      21      10      35      26      21      12      48
      41      46      50      27      31      23      18      40      45       2
      17      46      46      42      46      20      23      46      23      37
      21      46      37      37      39      39      13      13      19      38
      23      25      30       8      39      33      31      40      44      44
      17       2      41      26      24      31      49      48      19      26
       9       1      15      17       8      30      24      39      32      44
      27      36       4      45      25      46      49      19      36      20
       1       8      35      31       3      40      39      13      25       9
      37      35      19      49      24       2      19      20      46      27
      33      41      48      45      17       2      20      34      13      22
      11      46      16      23      24      46      14      46      13      13
      11      45      20      33      47       3      21      26      17      33
      28      41      23      39      13      32      34      28      45      17
      27      22      37      21      26      21      20      21      25      28
      19       7      32      35      44      15      32       6       9       4
      27      43      26      22      49       2      32      19      50      43
      22      43       2      14      40      15      25      33      13      48
      32      33      41      45       1      26      17      15       3      48
      26      48      11       2      10      17      16      26       3      29
       3      13      13      10      14      19       2       3      28      32
       7       8      32       1       1      42      27      38      16      49
      43      34       8      26       9       4      33       8       5      32
       1       8      16      34      23      23      28      19      13      14
      27      18      21       3       2      50      34      36       7      25
      11       8      47      41      22      11      29      27      30      13
      16      35      36      50      44      29       7      39      32      43
      19      28       5      40      39      35       5      45      38      35
      44      47      25      31      46      29      33      45      25      37
      21      21      44      47      34       8       8      49       5      50
      19      28       7      13      16       6      30      28      48      45
      49      30      34      11      48      50      33      50      43      18
       6      32       5      24      24      41      33      18      43       5
       4      38      12       8      21       6      39       1       9      41
      42      34      29       2      12      19      31      25      38       3
      17      47      38       4      14      14      45      34      41      18
      36      39      24      35      16      13      31      49      13      24
      24      35      42      47      10       1       5      49      44      27
      50      31       1      49      12      40      12       9      39       4
      46      19      34      38      49       9      20      16       8      50
      48      33      23      46      26       9       5      29      28      28
      39      44      47      21       7      10      42       5      31      22
      50      26      20      33      41      12      31      17      27      34
      10      40      11      49      36      42       9       6      43      44
      24      25      14      14      19       4      31      37       2      41
      49      26      20      50      30      42      36       5      36      50
       6      32      37      36      28      39      43      27      17      38
